tree
version=v4
num_class=1
num_tree_per_iteration=1
label_index=0
max_feature_idx=52
objective=binary sigmoid:1
feature_names=Column_0 Column_1 Column_2 Column_3 Column_4 Column_5 Column_6 Column_7 Column_8 Column_9 Column_10 Column_11 Column_12 Column_13 Column_14 Column_15 Column_16 Column_17 Column_18 Column_19 Column_20 Column_21 Column_22 Column_23 Column_24 Column_25 Column_26 Column_27 Column_28 Column_29 Column_30 Column_31 Column_32 Column_33 Column_34 Column_35 Column_36 Column_37 Column_38 Column_39 Column_40 Column_41 Column_42 Column_43 Column_44 Column_45 Column_46 Column_47 Column_48 Column_49 Column_50 Column_51 Column_52
feature_infos=[-0.094087314136137579:0.10726282646719199] [-0.17074407202465558:0.11779000313139498] [-0.1730796284428866:0.15020350179400488] [-0.20604349402004196:0.14392101637580268] [-0.18737546198201649:0.18028204612102172] [0.00026745060961963409:9.4185185884844262] [-8.8848011973474819:7.0114818334368527] [0:4.1735463820026828] [0:6.1631049107249058] [0:1] [-5.996237990746863:5.0544442705660151] [-7.9007139390891474:7.2420556765670767] [-8.7281844230224443:8.1246837646809364] [-10.124733592580576:8.9332951628270187] [-11.844372670050785:13.079651412635219] [-19.064776693201356:21.341474714406676] [-3.9784409190456369:5.0440475736888333] [-16.886173786838061:18.26471460162475] [-2.5115206747290237:2.6731652809580027] [-2.5295569000447187:2.779155337415157] [-0.99511939292005991:0.96837313977083028] [-0.55665292019507451:0.46791351663868141] [0:1] [0:1] [0:1] [0:1] [0:1] [0:1] [0:1] [-0.91546109444757096:0.89078933180318243] [0:1] [0:1] [0:1] [0:1] [-3.1538595987433165:4.2394860249560384] [0.015191361167106556:12.635035005408236] [-1.1629065844048079:1.0691156560571442] [-0.56929460133352872:0.69034284896376308] [-0.98493817974275988:0.98034578467871147] [0.081640023767197381:0.91126259295654932] [0:1] [0:1] [0:1] [0:1] [-4.8315933472532517:4.1708445240226535] [0.047035598705502842:1] [-0.64151011686626369:0.65192093397806161] [-0.68806041258963235:0.64971457680360523] [0:1] [0:1] [-16.266905124521585:0] [-16.713017717005748:0] [-12.727293980128685:8.3508891928864006]
tree_sizes=3544 3585 3563 3570 3575 3560

Tree=0
num_leaves=31
num_cat=0
split_feature=18 38 16 16 51 38 12 50 20 52 15 47 10 17 37 45 36 2 8 46 13 17 50 4 15 17 16 18 51 36
split_gain=105.27 99.0575 56.6977 52.9286 46.1141 48.1722 41.5632 36.0624 61.4384 38.274 37.8684 30.6022 31.9013 27.9544 34.3001 26.2147 25.9217 26.6694 25.0897 25.0213 24.994 24.3063 35.9753 36.4987 35.9281 23.3724 24.9321 22.9473 22.0827 22.2969
threshold=1.4037431444275323 -0.0049806635858676762 0.84347255909782104 -1.7624570192282436 -4.5081186634293937 -0.74683727948988465 2.6926289533231134 -0.9151196899328381 0.20410519851735948 0.22482212851950872 7.7109680959327749 0.06824329617481785 -0.37115964314788125 1.8862196929421442 -0.16898759219009449 0.30479785048706237 -0.23924321009913721 -0.001469894668771232 0.51430420868999061 -0.11581010826006878 -2.8554287053539884 1.5791306494090835 -3.6451765842117712 0.0083335778089876928 1.0000000180025095e-35 -4.5940698092511871 -1.8747189849435009 0.84347648050364787 -0.93913306925298279 0.063394998394099497
decision_type=2 2 2 2 2 2 2 2 2 2 2 2 2 2 2 2 2 2 2 2 2 2 2 2 2 2 2 2 2 2
left_child=1 2 4 -3 25 13 11 8 10 -9 18 15 -13 14 -6 16 -5 -18 -7 20 -16 24 -23 -24 -14 26 -1 -19 29 -4
right_child=-2 3 28 6 5 7 -8 9 -10 -11 -12 12 21 -15 19 -17 17 27 -20 -21 -22 22 23 -25 -26 -27 -28 -29 -30 -31
leaf_value=-0.023231394983274964 -0.0088982275603247066 -0.040346913919444755 -0.018401199164591438 -0.012173332798123595 -0.026189811042592808 -0.016350205204455029 -0.013490463143714746 -0.024292957896199542 -0.025378575358170494 -0.017586340997625755 -0.042548595115946344 -0.018988097050356676 -0.027323873549266735 -0.028795900954790128 -0.014177827793408131 -0.020618752928960874 -0.018981341068064921 -0.032230661645237677 -0.021735642498984058 -0.0116273612002967 0.013740056474507181 -0.021749752384688736 -0.026360748384265727 -0.036346069326979188 -0.021110791825098906 -0.025552381465230263 0.0070458133912420819 -0.014591804479358905 -0.0054740814768810299 -0.0089873558307581175
leaf_weight=57.743876382708549 668.67908798158169 151.98388242721558 671.17882288992405 111.73815040290356 58.743770346045494 5637.4021652936935 435.20384754240513 2282.0079978257418 970.39709141850471 1150.8779518008232 51.994486093521118 842.41066411137581 1452.345981746912 52.994380056858063 39.495811551809311 5423.9248041212559 249.72351734340191 627.9334089756012 901.40440794825554 118.73740814626217 116.73762021958828 589.43749138712883 773.9179276227951 577.93871080875397 1981.7898353338242 1475.593516394496 40.995652496814728 73.24223281443119 265.47184726595879 342.46368244290352
leaf_count=231 2675 608 2685 447 235 22552 1741 9129 3882 4604 208 3370 5810 212 158 21698 999 2512 3606 475 467 2358 3096 2312 7928 5903 164 293 1062 1370
internal_value=-0.0206503 -0.0209364 -0.0191975 -0.0227988 -0.0197931 -0.0191271 -0.022594 -0.0194941 -0.0183363 -0.022043 -0.0172982 -0.0229067 -0.0244107 -0.00873274 -0.00551826 -0.0214641 -0.0257705 -0.0273802 -0.0170934 -0.00108149 0.00679674 -0.0252614 -0.0279459 -0.0306414 -0.0237409 -0.0246031 -0.0105546 -0.0303758 -0.013174 -0.0152079
internal_weight=28194.5 27525.8 14234.2 13291.6 12955.1 11380.8 13139.6 10994.1 7561.2 3432.89 6590.8 12704.4 6217.84 386.709 333.715 6486.56 1062.64 950.899 6538.81 274.971 156.233 5375.43 1941.29 1351.86 3434.14 1574.33 98.7395 701.176 1279.11 1013.64
internal_count=112790 110115 56943 53172 51826 45528 52564 43981 30248 13733 26366 50823 24874 1547 1335 25949 4251 3804 26158 1100 625 21504 7766 5408 13738 6298 395 2805 5117 4055
is_linear=0
shrinkage=1


Tree=1
num_leaves=31
num_cat=0
split_feature=18 46 16 16 45 29 45 45 32 1 4 50 17 51 8 3 11 15 20 4 15 17 13 15 0 20 17 17 10 4
split_gain=93.082 108.298 62.4417 59.3761 55.7366 40.2881 37.1193 33.3534 36.4322 33.4823 31.2028 33.3789 44.3414 35.9146 30.4884 30.11 30.1041 29.3827 27.8575 27.5482 26.1549 26.0712 24.6622 24.5345 23.1483 22.7149 23.0571 22.6198 21.2427 20.8155
threshold=1.4037431444275323 0.036451497407098389 -1.8747189849435009 -0.80959298966591298 0.71116450292828293 0.50276238355343095 0.17894754749918515 0.42916626633650118 1.0000000180025095e-35 -0.0023361991532677702 0.0024998101493185492 -3.3088839277949238 1.5791306494090835 -0.68356584915021401 0.27946559177988944 -0.011759819545301474 0.1850700255649268 8.4365663577677505 0.20410519851735948 -0.00035390142772406813 -8.3077527704296639 -2.1359348437176693 0.54137736003500181 -6.4632855306292294 -0.0012273311357651193 0.20109548879973058 -1.654229156993771 -5.5864709713409573 -0.35094904044930536 0.0089087123562618959
decision_type=2 2 2 2 2 2 2 2 2 2 2 2 2 2 2 2 2 2 2 2 2 2 2 2 2 2 2 2 2 2
left_child=1 2 16 20 7 6 -5 9 14 -4 17 28 13 -13 -9 -6 -1 24 19 21 -3 -11 -21 -22 -8 26 -10 -17 -12 -14
right_child=-2 3 4 5 15 -7 10 8 25 18 11 12 29 -15 -16 27 -18 -19 -20 22 23 -23 -24 -25 -26 -27 -28 -29 -30 -31
leaf_value=-0.004763324625584959 0.011262568061901472 -0.028023761306266458 0.005710319761428554 0.013416695272010101 -0.0067361783333322054 0.0087567069812573388 -0.0045708595164001857 0.0048986871332075419 0.020129268513443054 0.0088522184312041369 0.0066351181784866089 -0.0045863534918306383 -0.0062562369072607536 0.0035100968243611192 0.00073664516073307449 -0.019504052146429085 -0.022047155549568622 0.019537253006189439 -0.0085629922084140813 -0.0058925069255536802 0.0067362090624317958 0.0011120885941398747 0.00067326696909604555 -0.011361574247283257 0.0015485579088338041 -0.0041606230035995942 0.0066271034068594095 0.00039220714502727832 -0.0017793589911429071 -0.013237899506435179
leaf_weight=620.90146540105343 654.73704332113266 73.234630197286606 1076.1436839848757 131.73130501806736 870.6446824669838 303.23254388570786 802.41220259666443 4065.6102419197559 246.2273331284523 470.20442968606949 319.47105188667774 2387.688957452774 956.3627994209528 619.92082057893276 2599.9792058318853 51.744343221187592 105.72797258198261 67.741452559828758 326.94661659002304 896.63927768170834 76.235722899436951 2335.270864456892 1204.5991850346327 529.41711716353893 1807.2750061154366 71.989508971571922 215.97997704148293 2053.7743067443371 1712.0435974150896 650.584981366992
leaf_count=2484 2619 293 4305 527 3483 1213 3210 16264 985 1881 1278 9552 3826 2480 10401 207 423 271 1308 3587 305 9342 4819 2118 7230 288 864 8216 6849 2603
internal_value=9.12666e-05 -0.000173501 0.00128835 -0.00258459 0.00166808 -0.00198657 -0.00233248 0.00248695 0.00388247 0.000893518 -0.0025569 -0.00365834 -0.00506883 -0.00291543 0.00327627 -0.00204704 -0.00731123 0.000175832 -9.69528e-05 0.000467873 -0.0111584 0.00241365 -0.00212781 -0.00906877 -0.000332313 0.0114178 0.0138576 -0.000103646 -0.000451291 -0.00909209
internal_weight=28304.5 27649.7 17212.4 10437.4 16485.8 9758.46 9455.23 13509.6 7199.79 6309.8 9323.5 6646.07 4614.56 3007.61 6665.59 2976.16 726.629 2677.43 5233.66 4906.71 678.887 2805.48 2101.24 605.653 2609.69 534.197 462.207 2105.52 2031.51 1606.95
internal_count=113231 110612 68857 41755 65950 39039 37826 54044 28802 25242 37299 26588 18461 12032 26665 11906 2907 10711 20937 19629 2716 11223 8406 2423 10440 2137 1849 8423 8127 6429
is_linear=0
shrinkage=0.03


Tree=2
num_leaves=31
num_cat=0
split_feature=19 47 16 47 38 29 8 11 4 16 17 36 4 44 38 13 16 17 32 17 13 44 19 37 15 51 16 4 31 16
split_gain=86.5402 91.0839 62.9656 49.5513 47.6537 42.5745 35.5515 31.4602 30.8402 25.016 31.2323 25.4609 25.178 24.9511 29.7607 23.5459 23.459 23.7909 38.1764 30.1713 24.9271 22.9546 21.8619 30.5651 22.6901 21.335 27.722 31.3564 23.1303 21.3104
threshold=1.344364011496719 0.041056107449549663 -1.6143994160231967 -0.25212302038132778 -0.63348106504505575 0.48149813139160452 0.1995244696417828 -2.0613666878649211 0.00021579387798986718 -0.38273704853248863 1.2039582668337598 0.178566455485234 0.05122371138126703 0.67509236803487205 0.266973706624758 1.5026719058741462 -1.7624570192282436 -1.654229156993771 1.0000000180025095e-35 3.13899956256556 -1.1308340027689574 0.61512198205811985 0.050449899672611966 0.0036401398629927512 -3.2385965354447097 -1.4350637399868182 -0.93736339508868383 -0.00028525661665845797 1.0000000180025095e-35 1.8007384196326075
decision_type=2 2 2 2 2 2 2 2 2 2 2 2 2 2 2 2 2 2 2 2 2 2 2 2 2 2 2 2 2 2
left_child=1 3 -3 -1 7 8 25 -5 -4 11 12 -10 -11 14 -12 -15 -8 18 22 -19 -21 -20 23 -18 -25 28 27 -27 -6 -22
right_child=-2 2 5 4 6 -7 16 -9 9 10 13 -13 -14 15 -16 -17 17 19 21 20 29 -23 -24 24 -26 26 -28 -29 -30 -31
leaf_value=-0.005375556207972091 0.010620765237159728 -0.019110729231135989 0.00095467607740022371 -0.0062800932249191688 0.0016684751260890595 0.0064980906262085388 -0.0095644334497394616 0.0086433228012699637 -0.012609490765888237 -0.00070568513902119652 0.0036852771908605854 -0.0023185657384340325 -0.020791843381355514 -0.013196312196019789 -0.005497646026914587 -0.0052970122693966797 0.0031096992606090756 -0.0023920037484332743 0.019309783940666271 0.01428446474764522 2.8486224260970994e-05 -0.0016895763542086782 0.0079736674497222371 -0.010578891119874092 0.0033650151573719981 0.0023404698272902194 0.0054483455856823917 -0.018851687227194457 -0.0084567793178202712 0.01410615298799371
leaf_weight=1000.1008529216051 669.72658090293407 199.16164748370647 1850.7398421764374 141.72642350196838 3859.6071092486382 490.48941868543625 243.6840688586235 1157.6368778795004 494.64115379750729 3998.4120796173811 540.66831186413765 387.15970699489117 55.990766867995262 436.40202976763248 766.10358102619648 1554.8473048508167 762.1693416684866 4084.8325851112604 179.98931023478508 150.73496881127357 1043.9002894163132 62.490889504551888 331.96328021585941 351.20830127596855 148.4845797419548 199.23024526238441 2659.7885444462299 90.480998232960701 213.22981426119804 105.74025845527649
leaf_count=4001 2679 797 7404 567 15440 1962 975 4631 1979 15996 2163 1549 224 1746 3065 6221 3049 16341 720 603 4176 250 1328 1405 594 797 10640 362 853 423
internal_value=-2.62891e-05 -0.000285544 -0.00243821 0.00109592 0.00150649 -0.00212202 0.00101226 0.00700853 -0.00254232 -0.00332887 -0.00275454 -0.00810404 -0.000989241 -0.00492237 -0.00169492 -0.00703624 -0.000428582 -0.000118395 0.00282876 -0.00112452 0.0028523 0.0138947 0.00113474 -0.000665732 -0.006428 0.00254446 0.0044877 -0.00430475 0.00113533 0.00133835
internal_weight=28231.3 27561.6 10774.6 16787 15786.9 10575.5 14487.5 1299.36 10085 8234.22 7352.42 881.801 4054.4 3298.02 1306.77 1991.25 7465.2 7221.51 1836.31 5385.21 1300.38 242.48 1593.83 1261.86 499.693 7022.34 2949.5 289.711 4072.84 1149.64
internal_count=112940 110261 43106 67155 63154 42309 57956 5198 40347 32943 29415 3528 16220 13195 5228 7967 29864 28889 7346 21543 5202 970 6376 5048 1999 28092 11799 1159 16293 4599
is_linear=0
shrinkage=0.03


Tree=3
num_leaves=31
num_cat=0
split_feature=16 46 16 45 29 45 4 17 38 2 36 52 14 4 14 36 20 38 19 2 19 36 4 17 50 38 19 4 36 30
split_gain=70.4284 83.7713 85.1864 50.167 47.4571 42.2939 39.0601 42.0869 31.3902 34.4941 30.5121 28.4909 27.197 26.414 23.1668 21.8047 21.5517 25.1856 21.541 21.3411 20.9011 30.3615 20.8617 20.4593 20.3446 49.7137 27.8819 20.7151 20.033 19.3138
threshold=2.0649342125557202 1.0000000180025095e-35 -0.79565762197067313 0.71116450292828293 0.50276238355343095 0.41084815395873431 0.0016383219490441194 2.3636423908593946 -0.010200137275205195 -0.0053696761864570055 -0.50021760321240927 0.12067450401640344 -4.9167161420369281 -0.017548362711292672 -4.6729270693816618 -0.20495275504241339 0.20410519851735948 -0.36241558354654541 0.44687140428100819 0.0087388398348542413 -0.6035417601285179 -0.56270244830829064 -0.0062433571682367619 -2.2120418558275428 -3.5060754731727912 0.266973706624758 0.51488081577567668 0.0081459826091041538 0.23823796179038756 1.0000000180025095e-35
decision_type=2 2 2 2 2 2 2 2 2 2 2 2 2 2 2 2 2 2 2 2 2 2 2 2 2 2 2 2 2 2
left_child=1 3 12 5 6 8 -4 -8 13 -10 20 -5 -3 -1 -11 18 17 23 -16 -2 -7 -22 29 -15 -9 -26 27 -27 -6 -12
right_child=19 2 4 11 28 10 7 24 9 14 22 -13 -14 16 15 -17 -18 -19 -20 -21 21 -23 -24 -25 25 26 -28 -29 -30 -31
leaf_value=-0.0033883976613653978 0.0094752602829646423 -0.022972405457129502 0.0010125754765103526 -0.0052743490088505186 -0.0055289550854725322 -0.0093946555171442771 -0.0014969768796549224 -0.0012939371461171795 0.01512836992442213 -0.025393508338478882 0.0054094850010471159 0.0012689801805332696 -0.0081890244037106895 0.015154466361283992 -0.00044837647024138869 -0.0058992337463681993 -0.0059229763922574426 0.0010854704854320238 0.020782534913492735 -0.0039388732220475373 0.022579827083266897 -0.0068513809338631099 0.0027651806500101038 0.0050913898476558899 -0.0028965183938201096 -0.0038350661277166513 -0.020218224813097586 -0.017838258246937019 0.011478168118709452 0.013944403616591957
leaf_weight=731.38093310594559 874.92132952809334 126.13853426277637 3551.0924073159695 1434.2573134750128 74.499595537781715 256.21024160087109 6068.3768570274115 517.6671326905489 82.990642666816711 45.972500696778297 2348.81312315166 1025.6211720705032 1003.1394476145506 230.2323821336031 240.97713615000248 1082.5642800480127 220.17692771553993 1343.896000534296 51.245650812983513 120.489212885499 52.996549680829048 74.745011076331139 3626.4971537142992 875.93935485184193 789.78416645526886 284.91801491379738 330.08541058003902 143.16721783578396 355.99641044437885 266.22692741453648
leaf_count=2926 3500 505 14206 5738 298 1025 24278 2071 332 184 9396 4103 4014 921 964 4331 881 5376 205 482 212 299 14507 3504 3160 1140 1321 573 1424 1065
internal_value=1.07325e-05 -0.000275697 -0.00198576 0.00134291 -0.0012504 0.00217284 -0.00161138 -0.00275747 6.02708e-05 -0.0035468 0.00373601 -0.00254494 -0.00986315 0.00165674 -0.00465071 -0.00393586 0.00304104 0.00385052 0.00331761 0.00784471 -0.00445803 0.00540443 0.00424143 0.00720172 -0.00645585 -0.00817725 -0.0136612 -0.00855939 0.00851857 0.00628511
internal_weight=28231 27235.6 13244.9 13990.7 12115.6 11530.9 11685.1 8134 4905.38 1503.75 6625.49 2459.88 1129.28 3401.63 1420.76 1374.79 2670.24 2450.07 292.223 995.411 383.952 127.742 6241.54 1106.17 2065.62 1547.95 758.171 428.085 430.496 2615.04
internal_count=112941 108959 52990 55969 48471 46128 46749 32543 19624 6016 26504 9841 4519 13608 5684 5500 10682 9801 1169 3982 1536 511 24968 4425 8265 6194 3034 1713 1722 10461
is_linear=0
shrinkage=0.03


Tree=4
num_leaves=31
num_cat=0
split_feature=18 38 47 16 38 16 46 14 45 3 16 29 51 45 21 21 8 51 17 52 15 38 15 15 16 4 18 15 4 16
split_gain=83.1105 83.5126 54.9078 51.4828 47.4637 48.2945 40.6653 41.6964 38.6126 33.7944 30.5939 39.9051 29.9212 36.1552 28.5102 28.3372 28.3069 27.4431 23.615 23.5455 25.39 23.4506 22.7788 21.113 20.9222 18.0447 24.2834 20.5198 25.5367 24.7372
threshold=1.305484607594378 -0.010200137275205195 -0.23660819043438411 -1.7624570192282436 -0.62438933805406849 0.75815999257738986 0.0026480853299649717 -4.9167161420369281 0.42721348135665621 -0.004726878937902689 0.5726929661016652 0.50276238355343095 -1.7300305469071331 0.24444515987337964 -0.0991891027094427 0.029698264564050701 0.38401229022564692 -2.1543302263480446 8.5433267942794284 0.25954697068614047 1.4459197211042401 0.25124955454887471 6.1069630080481341 -2.3577095622894872 -0.75566813154930768 0.00043524492604074544 0.85996562925788356 -6.6375031111106102 0.029627570970419907 -0.49732989599856442
decision_type=2 2 2 2 2 2 2 2 2 2 2 2 2 2 2 2 2 2 2 2 2 2 2 2 2 2 2 2 2 2
left_child=1 2 15 -3 14 6 16 -8 9 21 19 -12 13 -7 -4 -1 17 -6 25 -10 -21 23 -15 -5 -9 -11 27 -27 29 -29
right_child=-2 3 4 8 5 12 7 24 10 18 11 -13 -14 22 -16 -17 -18 -19 -20 20 -22 -23 -24 -25 -26 26 -28 28 -30 -31
leaf_value=0.0013132014878411448 0.0090528509764923604 -0.019190202835288609 -0.0066094897315407374 0.024779651290295957 0.00035006878237518404 0.013946275910029515 -0.026828953682684932 -0.0072657702804785375 -0.00011645476290461114 -0.0016234031393798859 -0.0036599286985378263 0.0098588634101956819 0.011762382012211995 0.0029848601418317245 0.0083880388151351161 -0.0083561825965171276 -0.0015122286304147287 0.0046666235580667473 0.014568081567975247 0.0020296851995661083 0.012066034229028506 -0.0022497190619108769 -0.0095275148788571719 0.004747393503404666 -0.00067677786584732574 0.0083035438047304403 -0.0011516774343870273 -0.014836844685928077 -0.026341036576552922 -0.006108498257589366
leaf_weight=426.39962311089039 890.92212563753128 153.51672667264938 123.97113062441349 64.490244954824448 2300.255876198411 198.74177591502666 60.671338394284248 531.0212813615799 3658.1049811094999 1135.7932798415422 2936.9470891952515 209.49340714514256 572.72254583239555 442.47085209190845 1299.8884820640087 751.32668997347355 1783.5274324715137 3135.5383230596781 55.739207863807678 815.1658373773098 314.46145284175873 308.94667206704617 184.73698565363884 176.47759373486042 2360.3981565237045 72.213362798094749 728.58514754474163 339.33101938664913 64.475804731249809 2147.6599353849888
leaf_count=1706 3564 615 496 258 9202 795 243 2125 14635 4544 11751 838 2291 1770 5200 3006 7135 12543 223 3261 1258 1236 739 706 9443 289 2915 1358 258 8593
internal_value=4.07747e-05 -0.000252915 0.00134554 -0.00197177 0.00190807 0.00127122 0.000551714 -0.00241349 -0.00176707 -0.00380529 -0.000457664 -0.00275556 0.00649622 0.00282936 0.00707537 -0.00485339 0.00176502 0.00284122 -0.00465575 0.0010518 0.00483575 0.00320937 -0.000702655 0.0102075 -0.00189052 -0.00489869 -0.00600625 -0.00735167 -0.0077996 -0.00730671
internal_weight=28244 27353.1 14171.7 13181.4 12993.9 11570.1 10171.4 2952.09 13027.9 5093.71 7934.17 3146.44 1398.67 825.95 1423.86 1177.73 7219.32 5435.79 4543.8 4787.73 1129.63 549.915 627.208 240.968 2891.42 4488.06 3352.27 2623.68 2551.47 2486.99
internal_count=112996 109432 56694 52738 51982 46286 40691 11811 52123 20380 31743 12589 5595 3304 5696 4712 28880 21745 18180 19154 4519 2200 2509 964 11568 17957 13413 10498 10209 9951
is_linear=0
shrinkage=0.03


Tree=5
num_leaves=31
num_cat=0
split_feature=19 47 14 47 29 4 50 38 16 15 13 45 10 4 15 20 38 36 47 36 51 19 33 15 38 51 38 16 45 16
split_gain=59.6299 82.1223 63.5242 42.3769 39.7686 45.3916 36.7245 35.8913 34.9681 43.3716 29.8913 29.4746 29.3231 27.7751 25.0928 27.7832 25.9496 24.9906 28.2278 21.4813 20.8669 24.7033 20.768 20.5981 20.1493 23.9517 20.1056 33.011 30.6492 19.7936
threshold=1.2944406572380638 0.019751462100393868 -4.9167161420369281 -0.22461608640047095 0.48149813139160452 0.0016383219490441194 -0.92980156852814833 -0.67204657330861417 -0.53950093281487532 -6.8172439081622267 -0.11669335215119728 0.33762766734962152 -1.597574883917382 0.012921210067828428 0.93184513799083912 0.17178042339745039 -0.80622799747301377 -0.37507670717493663 -0.10871691030184015 -0.51821139265707516 -1.816974675072913 -0.90572489955859437 1.0000000180025095e-35 -4.2857306983511929 -0.035221013190930704 -1.7121697810481091 -0.0049806635858676762 -0.82248861335976431 0.2003400422589082 1.8491300770457322
decision_type=2 2 2 2 2 2 2 2 2 2 2 2 2 2 2 2 2 2 2 2 2 2 2 2 2 2 2 2 2 2
left_child=1 3 -3 19 5 -4 7 12 9 -7 -8 17 -5 -11 15 16 -14 18 -9 -1 21 -18 -10 -21 25 -24 27 28 -19 -29
right_child=-2 2 4 6 -6 8 10 11 22 13 -12 -13 14 -15 -16 -17 20 26 -20 23 -22 -23 24 -25 -26 -27 -28 29 -30 -31
leaf_value=-0.0089365393690679588 0.0081999515407989894 -0.022355840063532879 0.00056492362020290363 -0.01595244085679344 0.0065753629759844586 0.01326394821351258 -0.0026185698717450297 0.0014996382507533408 -0.0023746495291663778 -0.015636248872400175 0.0025377566762854547 0.0032272079511082062 0.029608319986833241 0.0036867651645076712 -0.0042654509300533092 -0.0049068586391793241 -0.00011390057933314505 0.0090988761548098148 0.029450968979474506 0.0039590637131091191 -0.001381344755460577 0.020349150452296967 -0.007662795515801301 -0.0048489657380424173 -0.010002119410829754 0.019237593111473075 -0.0062315862634858641 0.0031211139174360538 -0.0090847401321832374 0.022249309498448073
leaf_weight=469.57000583410263 764.88957138359547 136.6903410255909 3667.7857812643051 37.485991269350052 481.94529160857201 62.215976610779762 2564.9302940070629 96.236797899007797 6819.6356307864189 480.40523946285248 1669.0881834626198 6635.7041173428297 97.982766166329384 76.949457854032516 82.997566729784012 65.244503706693649 67.746945336461067 103.47249288856983 48.491891339421272 412.38879612088203 79.493629664182663 237.22854079306126 71.490369364619255 564.64436523616314 596.96036472916603 49.495833188295364 627.25701999664307 661.21791386604309 411.67402635514736 51.747111111879349
leaf_count=1879 3060 548 14674 150 1928 249 10261 385 27287 1923 6677 26545 392 308 332 261 271 414 194 1650 318 949 286 2259 2389 198 2510 2645 1647 207
internal_value=-5.62362e-05 -0.000286931 -0.00208835 0.00120875 -0.00186108 -0.00220583 0.00173054 0.00278459 -0.00345214 -0.010301 -0.000584718 0.00226495 0.00948049 -0.0129586 0.0110221 0.0133505 0.0158339 -0.000925314 0.0110335 -0.00366912 0.0122441 0.0158033 -0.00288729 -0.0011264 -0.0077404 0.00337284 -0.00186603 0.000363263 -0.0054131 0.00454496
internal_weight=28193.1 27428.2 12443.6 14984.6 12306.9 11824.9 13538 9303.98 8157.15 619.571 4234.02 8635.8 668.18 557.355 630.694 547.696 482.452 2000.1 144.729 1446.6 384.469 304.975 7537.58 977.033 717.947 120.986 1855.37 1228.11 515.147 712.965
internal_count=112796 109736 49790 59946 49242 47314 54158 37220 32640 2480 16938 34547 2673 2231 2523 2191 1930 8002 579 5788 1538 1220 30160 3909 2873 484 7423 4913 2061 2852
is_linear=0
shrinkage=0.03


end of trees

feature_importances:
Column_16=20
Column_4=15
Column_38=14
Column_15=13
Column_17=13
Column_45=10
Column_36=9
Column_51=8
Column_19=7
Column_47=7
Column_13=5
Column_18=5
Column_20=5
Column_29=5
Column_50=5
Column_8=4
Column_14=4
Column_46=4
Column_2=3
Column_10=3
Column_52=3
Column_3=2
Column_11=2
Column_21=2
Column_32=2
Column_37=2
Column_44=2
Column_0=1
Column_1=1
Column_12=1
Column_30=1
Column_31=1
Column_33=1

parameters:
[boosting: gbdt]
[objective: binary]
[metric: binary_logloss]
[tree_learner: serial]
[device_type: cpu]
[data_sample_strategy: bagging]
[data: ]
[valid: ]
[num_iterations: 800]
[learning_rate: 0.03]
[num_leaves: 31]
[num_threads: 22]
[seed: 20260813]
[deterministic: 0]
[force_col_wise: 0]
[force_row_wise: 0]
[histogram_pool_size: -1]
[max_depth: -1]
[min_data_in_leaf: 150]
[min_sum_hessian_in_leaf: 0.001]
[bagging_fraction: 0.8]
[pos_bagging_fraction: 1]
[neg_bagging_fraction: 1]
[bagging_freq: 1]
[bagging_seed: 17405]
[bagging_by_query: 0]
[feature_fraction: 0.8]
[feature_fraction_bynode: 1]
[feature_fraction_seed: 9721]
[extra_trees: 0]
[extra_seed: 13549]
[early_stopping_round: 0]
[early_stopping_min_delta: 0]
[first_metric_only: 0]
[max_delta_step: 0]
[lambda_l1: 0.15]
[lambda_l2: 1]
[linear_lambda: 0]
[min_gain_to_split: 0]
[drop_rate: 0.1]
[max_drop: 50]
[skip_drop: 0.5]
[xgboost_dart_mode: 0]
[uniform_drop: 0]
[drop_seed: 11866]
[top_rate: 0.2]
[other_rate: 0.1]
[min_data_per_group: 100]
[max_cat_threshold: 32]
[cat_l2: 10]
[cat_smooth: 10]
[max_cat_to_onehot: 4]
[top_k: 20]
[monotone_constraints: ]
[monotone_constraints_method: basic]
[monotone_penalty: 0]
[feature_contri: ]
[forcedsplits_filename: ]
[refit_decay_rate: 0.9]
[cegb_tradeoff: 1]
[cegb_penalty_split: 0]
[cegb_penalty_feature_lazy: ]
[cegb_penalty_feature_coupled: ]
[path_smooth: 0]
[interaction_constraints: ]
[verbosity: -1]
[saved_feature_importance_type: 0]
[use_quantized_grad: 0]
[num_grad_quant_bins: 4]
[quant_train_renew_leaf: 0]
[stochastic_rounding: 1]
[linear_tree: 0]
[max_bin: 255]
[max_bin_by_feature: ]
[min_data_in_bin: 3]
[bin_construct_sample_cnt: 200000]
[data_random_seed: 4736]
[is_enable_sparse: 1]
[enable_bundle: 1]
[use_missing: 1]
[zero_as_missing: 0]
[feature_pre_filter: 1]
[pre_partition: 0]
[two_round: 0]
[header: 0]
[label_column: ]
[weight_column: ]
[group_column: ]
[ignore_column: ]
[categorical_feature: ]
[forcedbins_filename: ]
[precise_float_parser: 0]
[parser_config_file: ]
[objective_seed: 16743]
[num_class: 1]
[is_unbalance: 0]
[scale_pos_weight: 1]
[sigmoid: 1]
[boost_from_average: 1]
[reg_sqrt: 0]
[alpha: 0.9]
[fair_c: 1]
[poisson_max_delta_step: 0.7]
[tweedie_variance_power: 1.5]
[lambdarank_truncation_level: 30]
[lambdarank_norm: 1]
[label_gain: ]
[lambdarank_position_bias_regularization: 0]
[eval_at: ]
[multi_error_top_k: 1]
[auc_mu_weights: ]
[num_machines: 1]
[local_listen_port: 12400]
[time_out: 120]
[machine_list_filename: ]
[machines: ]
[gpu_platform_id: -1]
[gpu_device_id: -1]
[gpu_use_dp: 0]
[num_gpu: 1]

end of parameters

pandas_categorical:null
