tree
version=v4
num_class=1
num_tree_per_iteration=1
label_index=0
max_feature_idx=52
objective=binary sigmoid:1
feature_names=Column_0 Column_1 Column_2 Column_3 Column_4 Column_5 Column_6 Column_7 Column_8 Column_9 Column_10 Column_11 Column_12 Column_13 Column_14 Column_15 Column_16 Column_17 Column_18 Column_19 Column_20 Column_21 Column_22 Column_23 Column_24 Column_25 Column_26 Column_27 Column_28 Column_29 Column_30 Column_31 Column_32 Column_33 Column_34 Column_35 Column_36 Column_37 Column_38 Column_39 Column_40 Column_41 Column_42 Column_43 Column_44 Column_45 Column_46 Column_47 Column_48 Column_49 Column_50 Column_51 Column_52
feature_infos=[-0.08300618369995405:0.086478150338324511] [-0.11088040035815716:0.12685273276791698] [-0.13105777245251105:0.17011945306928489] [-0.15396886193904891:0.16240628608936447] [-0.22811685107583735:0.20962760471697628] [0.14638123587481644:8.777042051714286] [-5.7211400151749192:7.706831625445191] [0:6.9595283481445342] [0:4.1310455330318812] [0:1] [-3.8623114729580039:5.2427938431063756] [-5.1875854747601533:6.6354715829674413] [-6.0834685360673575:7.0530563190073909] [-7.6218524564298873:7.9888724373295812] [-10.315390094083721:9.8816430634884984] [-19.045421968583735:13.640295889789954] [-4.0066127020743521:4.5205881213765462] [-16.657195552382685:11.876114238782561] [-2.1952909402845027:2.9698780360458454] [-2.1244808782994471:3.0450238886538177] [-0.90286215097257883:0.95164420429583663] [-0.37456383781032943:0.50759941465737324] [0:1] [0:1] [0:1] [0:1] [0:1] [0:1] [0:1] [-0.8887886597461897:0.83684453637281364] [0:1] [0:1] [0:1] [0:1] [-2.471563005579291:4.2321649324934976] [0.0028282195554992515:11.769601022693166] [-1.0600307790383852:1.0280721928958354] [-0.52257074014038163:0.51135134792266135] [-0.97422338698389499:0.9807344853575265] [0.17255244882078055:0.79441138652158372] [0:1] [0:1] [0:1] [0:1] [-2.8135999138905414:5.4608312517346311] [0.056214390749842469:1] [-0.57067394361542823:0.67808329515872112] [-0.58672258245650677:0.68970758716458069] [0:1] [0:1] [-13.84891495461796:0] [-12.966677771353119:0] [-8.5500219202104972:5.2553301301350208]
tree_sizes=6884

Tree=0
num_leaves=63
num_cat=0
split_feature=47 17 15 36 37 52 18 15 36 17 45 52 52 45 4 51 50 17 17 51 18 38 20 45 15 2 44 36 37 44 47 18 20 46 15 51 16 47 38 51 4 8 15 38 51 16 45 38 44 45 10 17 47 36 17 15 34 2 36 50 50 38
split_gain=80.6413 37.534 37.5161 34.5604 30.096 33.133 27.1959 26.541 30.8543 30.6293 24.649 23.1052 21.8837 21.4925 21.8413 30.3315 24.0198 20.8622 23.5693 20.8162 20.6274 24.5262 19.4998 25.1443 17.838 15.6342 15.5486 15.1834 14.8879 18.5218 14.1589 23.887 14.8436 14.0047 13.69 13.486 16.7396 16.6011 20.7691 13.2543 20.7771 16.2669 14.8704 13.1776 12.9713 12.5791 12.9315 12.1506 11.967 11.7558 12.8047 10.9096 9.23085 11.6172 9.14169 12.2461 9.12621 8.96999 13.6074 8.60793 18.7161 8.31824
threshold=-0.198208833308883 -2.7011655492502427 4.6658098807424757 0.49674021829276527 0.10487917245454957 -0.3088737576841723 0.82501757888052751 6.2260839518377145 0.29404277411892293 4.4781629360859148 0.74858256240704402 -1.9422284015441473 0.010572077459096571 0.68690856179032345 -0.00031783634689830359 -0.34385094064387833 -1.117868527745457 0.19608000534968348 1.5319137372933145 -1.0798477619870426 -0.81408888778610466 -0.42360246705649235 -0.21954907618836941 0.52518610687216338 -6.5555403003612396 0.0074481033010593842 0.69628129407806261 0.14235050906200469 -0.096763292954972477 0.75208303360326278 -0.006631836656965171 0.023584150398534138 -0.048292160479155785 0.090557348510053315 -0.27982231377748173 -2.1006757290526132 0.91673006595948958 0.010217686145964152 -0.11437086323320886 -3.1331049911968103 0.00049844944410093472 0.34199359875722052 -4.1681668831078307 -0.16961819910848799 -1.2374512918408105 1.7415051926732852 0.34256476326947155 -0.31384119197258414 0.15870979274072508 0.77636281489916381 -0.41683779757698719 -0.6078597132634439 0.050373184025354532 0.028823045738452822 -1.1127484914706589 2.8668286062963078 -0.45550399333335662 -0.0052137905172822121 -0.22614327030864836 -1.8294848824199474 -3.5552987869427146 0.3286153440834943
decision_type=2 2 2 2 2 2 2 2 2 2 2 2 2 2 2 2 2 2 2 2 2 2 2 2 2 2 2 2 2 2 2 2 2 2 2 2 2 2 2 2 2 2 2 2 2 2 2 2 2 2 2 2 2 2 2 2 2 2 2 2 2 2
left_child=1 -1 4 7 5 11 13 12 22 -10 35 -2 -4 14 15 30 28 24 34 -12 21 48 -9 25 -13 45 49 39 -16 54 31 32 57 -25 -19 36 56 -37 -39 42 41 44 -26 -20 -41 46 -24 -34 -3 -15 -51 61 53 -18 -30 -56 -6 58 -7 60 -14 -40
right_child=2 20 3 -5 10 6 -8 8 9 -11 19 17 59 26 16 -17 52 18 43 -21 -22 -23 23 33 27 -27 -28 -29 29 -31 -32 -33 47 -35 -36 37 -38 38 51 40 -42 -43 -44 -45 -46 -47 -48 -49 -50 50 -52 -53 -54 -55 55 -57 -58 -59 -60 -61 -62 -63
leaf_value=0.021443974153303586 0.0083880670840418333 0.012853216351222878 0.035513508302995669 0.037931701606181131 -0.0028274486629300787 0.014114683145786896 0.029108020228074023 0.032630326409700781 0.017654595511635004 -0.0077246162742885816 0.03404298393416498 0.012406762739585356 0.017100972656561436 0.0025555014692151285 0.021878195761061155 0.0051702787461796063 0.021709601102850744 0.018488405742274658 0.030529393415088538 0.01294774974954665 0.012419662459939132 -0.014853774962074389 0.021365490948052002 0.019635803686828122 0.031142186076769357 0.00232138810120356 0.020240738885050361 0.018704742582194102 -0.00030208218059412165 0.020088429744346784 0.014007510335478085 0.039801393404413479 0.020889508763044393 0.03667570071492747 0.0024377254862662373 0.023869758089082926 0.01484454306045291 -0.0030759649920200256 0.026802987534806366 0.045236430354994785 0.022137984514611537 0.024471243208392515 0.014735899128498538 0.015065672738025612 0.029574346607514596 0.026701328753927646 0.0050338667368082807 0.037615976387069074 -0.0017290899504009347 0.0062472532781967481 0.017852001015047574 0.0083744105678917671 0.027184506124736559 0.0075024850961883816 0.013627184669176977 0.0001120134919515188 0.0079735843244161768 0.014040327193418372 0.030182677036477326 0.016199617214912462 0.035997750611538072 0.0129512514593123
leaf_weight=112.74174731969833 107.99209499359131 81.744016349315643 158.98836207389832 116.24149113893509 146.98924040794373 81.494034647941589 132.9902651309967 100.74262565374374 94.743064820766449 76.49440062046051 78.744235932826996 87.24361377954483 98.742772042751312 196.23563557863235 83.493888258934021 102.24251586198807 144.98938679695129 84.243833363056183 118.24134474992752 87.993558883666992 126.99070429801941 93.743138015270233 79.994144439697266 96.492936730384827 89.493449091911316 83.743869960308075 121.49110686779022 175.23717266321182 152.23885613679886 96.742918431758881 141.73962467908859 78.99421763420105 74.994510412216187 79.494181036949158 107.74211329221725 113.9916558265686 149.98902082443237 75.744455516338348 77.994290828704834 150.23900252580643 147.23922210931778 84.243833363056183 108.99202179908752 83.743869960308075 74.994510412216187 83.243906557559967 93.243174612522125 83.743869960308075 139.48978936672211 176.73706287145615 163.48803269863129 136.98997235298157 111.99180221557617 79.244199335575104 178.98689818382263 91.493302702903748 144.48942339420319 178.73691648244858 110.24193030595779 136.49000895023346 88.4935222864151 75.744455516338348
leaf_count=451 432 327 636 465 588 326 532 403 379 306 315 349 395 785 334 409 580 337 473 352 508 375 320 386 358 335 486 701 609 387 567 316 300 318 431 456 600 303 312 601 589 337 436 335 300 333 373 335 558 707 654 548 448 317 716 366 578 715 441 546 354 303
internal_value=0.0170225 0.00605449 0.0179626 0.0223345 0.0167714 0.0179738 0.0159512 0.0208892 0.0174878 0.00626506 0.0123506 0.0216543 0.0264215 0.0152303 0.0169371 0.02041 0.013781 0.0227558 0.016992 0.022925 0.00211771 -0.00199354 0.0206225 0.0182449 0.0252326 0.0134931 0.0105976 0.0265895 0.0102001 0.00830886 0.0225068 0.0244967 0.0221653 0.0274253 0.00947475 0.010429 0.00664405 0.0139306 0.0108169 0.0286858 0.0315018 0.0359118 0.0221439 0.0241174 0.0401196 0.0171666 0.0125821 0.029815 0.00359529 0.00840363 0.0118227 0.0145086 0.0201907 0.0166884 0.00560173 0.00899315 0.00246181 0.0188501 0.0233498 0.0218994 0.0260611 0.0199666
internal_weight=7032.49 554.709 6477.78 1387.15 5090.63 4001.96 2582.31 1270.91 788.192 171.237 1088.67 1419.65 482.715 2449.32 1791.37 852.188 939.181 1311.65 393.971 166.738 441.968 314.977 616.955 516.212 917.683 340.225 657.952 830.439 602.956 519.462 749.945 608.205 529.211 175.987 191.986 921.933 441.468 480.465 366.473 655.202 456.717 309.477 198.485 201.985 225.234 256.481 173.237 158.738 221.234 536.461 340.225 290.729 336.225 224.234 422.719 270.48 291.479 370.473 191.736 323.726 187.236 153.739
internal_count=28132 2219 25913 5549 20364 16009 10330 5084 3153 685 4355 5679 1931 9798 7166 3409 3757 5247 1576 667 1768 1260 2468 2065 3671 1361 2632 3322 2412 2078 3000 2433 2117 704 768 3688 1766 1922 1466 2621 1827 1238 794 808 901 1026 693 635 885 2146 1361 1163 1345 897 1691 1082 1166 1482 767 1295 749 615
is_linear=0
shrinkage=1


end of trees

feature_importances:
Column_15=6
Column_17=6
Column_36=5
Column_38=5
Column_45=5
Column_51=5
Column_47=4
Column_18=3
Column_44=3
Column_50=3
Column_52=3
Column_2=2
Column_4=2
Column_16=2
Column_20=2
Column_37=2
Column_8=1
Column_10=1
Column_34=1
Column_46=1

parameters:
[boosting: gbdt]
[objective: binary]
[metric: binary_logloss]
[tree_learner: serial]
[device_type: cpu]
[data_sample_strategy: bagging]
[data: ]
[valid: ]
[num_iterations: 800]
[learning_rate: 0.03]
[num_leaves: 63]
[num_threads: 22]
[seed: 20260813]
[deterministic: 0]
[force_col_wise: 0]
[force_row_wise: 0]
[histogram_pool_size: -1]
[max_depth: -1]
[min_data_in_leaf: 300]
[min_sum_hessian_in_leaf: 0.001]
[bagging_fraction: 0.8]
[pos_bagging_fraction: 1]
[neg_bagging_fraction: 1]
[bagging_freq: 1]
[bagging_seed: 17405]
[bagging_by_query: 0]
[feature_fraction: 0.75]
[feature_fraction_bynode: 1]
[feature_fraction_seed: 9721]
[extra_trees: 0]
[extra_seed: 13549]
[early_stopping_round: 0]
[early_stopping_min_delta: 0]
[first_metric_only: 0]
[max_delta_step: 0]
[lambda_l1: 0.15]
[lambda_l2: 1]
[linear_lambda: 0]
[min_gain_to_split: 0]
[drop_rate: 0.1]
[max_drop: 50]
[skip_drop: 0.5]
[xgboost_dart_mode: 0]
[uniform_drop: 0]
[drop_seed: 11866]
[top_rate: 0.2]
[other_rate: 0.1]
[min_data_per_group: 100]
[max_cat_threshold: 32]
[cat_l2: 10]
[cat_smooth: 10]
[max_cat_to_onehot: 4]
[top_k: 20]
[monotone_constraints: ]
[monotone_constraints_method: basic]
[monotone_penalty: 0]
[feature_contri: ]
[forcedsplits_filename: ]
[refit_decay_rate: 0.9]
[cegb_tradeoff: 1]
[cegb_penalty_split: 0]
[cegb_penalty_feature_lazy: ]
[cegb_penalty_feature_coupled: ]
[path_smooth: 0]
[interaction_constraints: ]
[verbosity: -1]
[saved_feature_importance_type: 0]
[use_quantized_grad: 0]
[num_grad_quant_bins: 4]
[quant_train_renew_leaf: 0]
[stochastic_rounding: 1]
[linear_tree: 0]
[max_bin: 255]
[max_bin_by_feature: ]
[min_data_in_bin: 3]
[bin_construct_sample_cnt: 200000]
[data_random_seed: 4736]
[is_enable_sparse: 1]
[enable_bundle: 1]
[use_missing: 1]
[zero_as_missing: 0]
[feature_pre_filter: 1]
[pre_partition: 0]
[two_round: 0]
[header: 0]
[label_column: ]
[weight_column: ]
[group_column: ]
[ignore_column: ]
[categorical_feature: ]
[forcedbins_filename: ]
[precise_float_parser: 0]
[parser_config_file: ]
[objective_seed: 16743]
[num_class: 1]
[is_unbalance: 0]
[scale_pos_weight: 1]
[sigmoid: 1]
[boost_from_average: 1]
[reg_sqrt: 0]
[alpha: 0.9]
[fair_c: 1]
[poisson_max_delta_step: 0.7]
[tweedie_variance_power: 1.5]
[lambdarank_truncation_level: 30]
[lambdarank_norm: 1]
[label_gain: ]
[lambdarank_position_bias_regularization: 0]
[eval_at: ]
[multi_error_top_k: 1]
[auc_mu_weights: ]
[num_machines: 1]
[local_listen_port: 12400]
[time_out: 120]
[machine_list_filename: ]
[machines: ]
[gpu_platform_id: -1]
[gpu_device_id: -1]
[gpu_use_dp: 0]
[num_gpu: 1]

end of parameters

pandas_categorical:null
